0.7762957092158671
0.8880572376796672
-0.8277010817524404
-0.12737629601948064
-0.29660391709325107
0.08363504212662476
0.5905619403383451
-0.49897966689858775
0.9304992407758845
0.10309392332654932
0.7974323530214078
0.8481297913314954
0.1626005915760138
0.6145510255426376
-0.6079134574003908
0.5155927149711312
-0.2756005235352188
0.18339573287589594
0.6869595257080938
-0.6693772933375266
0.3811860544299541
-0.21098053063229805
-0.8336948476293737
0.49343323816073403
0.08259578546863722
-0.9815856762582142
0.04736378805983632
-0.8269831218692616
-0.7615664895069683
0.7977639175295417
-0.3572686130388034
-0.9642068893286322
0.394509832433807
-0.17186570021461822
0.11707706690678665
-0.049667831655164196
-0.8842760556172853
-0.8988212872341963
-0.05751109644790686
0.4099573696755052
0.7622061766228634
0.5725176085357242
0.4740792086608985
0.32331451436796876
0.17476269927911336
0.7305228583321608
0.6863377562693755
-0.9337046583297581
0.3244234640457788
-0.8223976627145397
0.5633198616512853
0.825135714712977
0.8285780114741512
0.2357899971851003
-0.509628046502532
-0.4692107425391039
0.46449289585415965
0.40806643606942283
0.2932752267671461
0.705825447198714
-0.26668554955573054
-0.12537469514915145
-0.7179161816031443
0.5514881966443819
-0.3366808645476915
0.5047106201290059
-0.563227549851431
-0.7204173441885944
-0.08101133815573891
0.38898074543358985
-0.584297756774717
-0.2886261566742383
-0.8065883262342415
0.3843280228468233
0.5590205435854829
-0.2523738609868664
-0.10858141960185796
-0.20899879030341273
0.7563164077007498
-0.9850867508173897
0.08518904154683571
-0.8249922294154644
0.7993223704215668
-0.20376732099995198
0.9829187893316673
-0.38888193645414004
-0.3238072749145522
0.594288458820649
-0.10383432012243965
-0.5130549013295125
-0.9578019847328969
-0.7608185919814954
-0.18980470229367308
0.8332007193015334
0.7653458694672024
0.9657121375524884
-0.8942806233608793
0.010640997649328021
0.3954272942686148
0.4134923058555997
0.3192981677532154
0.2749161570827987
-0.025573156858585522
-0.7166681582017704
0.852519191244463
-0.33903977587527034
0.8883461702850235
0.013516867597561877
0.017136732456313863
-0.7852481330841456
0.04631055082222546
0.7889318964551082
0.34513309389879954
-0.3051380903137384
-0.5034113336013635
-0.5684053655038093
0.8631024260608138
0.7414504572286316
-0.9236180367566835
-0.30205642599665117
-0.08037374237012251
0.03971064318451756
0.5503948295060626
0.9735803579739049
0.3150393011256294
0.09875363856629393
-0.9902045933292598
0.3052923960631879
-0.1040279704210958
-0.6214466459715915
-0.5221689902454509
-0.19980554540629702
0.1407544707268653
-0.4129962703012777
0.963020881633694
0.410608968958047
0.43929174235138024
0.016193054261323114
-0.15704073075342473
-0.5195599806569238
0.24400478462483255
-0.16172035731321044
-0.014543505782870003
-0.5389238371837508
-0.77181273531773
-0.27242391696268586
0.22684059208557517
-0.3256638210736593
0.18683498412718103
-0.4861691901559597
-0.14390589443848056
-0.3276410811011048
0.32155449616012177
0.7186088003102389
-0.17978897489117207
-0.964147539516943
-0.4019837886382325
-0.7350597054481749
0.9364820676817589
-0.7626635233490278
0.9076480181889508
-0.8190537734970531
-0.4756141013378896
0.6373048273196849
0.2932860939447792
-0.8652141936934472
-0.7642444973242961
-0.9284448000757426
-0.5082155061879761
0.086498053681213
0.6257568482925442
-0.9725058696062048
-0.3045937152276974
0.12491508589411349
0.27426666387717913
0.7122945924713788
0.028666255072845592
0.7247050493471325
-0.2368783717055305
0.17644922068918567
0.36514376389037984
0.5232782744846229
-0.8747236272309011
0.02992424887458789
-0.7333920746963976
0.9202551116559363
0.500425669897699
0.8057655153477798
0.20207986210716355
-0.2633626991375222
-0.31004392099030254
-0.9595318312271177
-0.2310684760283439
-0.4030236664380187
0.5494826956575698
0.6725080013426421
-0.5900919918726117
-0.5746849152895304
-0.45008525736422
0.46654682730053554
0.8201024778865316
0.17390669876738007
-0.5663917555950198
-0.13604220749050655
0.23900373083399384
0.07228198340086389
-0.7022207305214474
-0.23703324457492214
0.008135859683726654
0.6377607826567833
-0.8355779811929589
0.7343233534207656
-0.028092644559572166
-0.5980671690500494
0.18894119895193429
-0.411664580585811
-0.9554745563869276
0.06567739410108353
-0.36481269838464225
-0.6374738781013254
0.683680350272653
0.126165916156743
-0.27399482342131565
0.2952419769001484
-0.0026844677282842344
0.10512920771400047
-0.1960679955780611
0.10895164878822539
0.8077730137108488
-0.9834054273791051
-0.7087239445102107
-0.09822435303220489
0.6449000068586459
0.8325183634281965
-0.7219738282725487
-0.11986527505332978
0.8726470793975765
0.015182048240200308
0.18145994040632973
-0.22195940240457146
-0.5706602153019318
0.8203361200696877
0.9275936259535869
-0.22686989061855667
-0.8906047218301705
-0.18726212286733346
-0.3819403870098479
-0.2170787496343416
-0.8971992333488841
-0.12910332577642514
0.9539664059944648
-0.9373330613539568
-0.3368322006093234
-0.23413294463731815
-0.17196103875511093
0.4652724626846909
0.2987046661150896
3.3638782233058606e-05
0.4052325734557556
0.689198172657604
0.8468409485047483
-0.5271913679844435
-0.18193748919255692
-0.6601083869105033
0.07539669557142803
-0.4568146132117381
-0.8008052111383268
-0.7849448951613758
-0.6657632212944051
0.7327887089556657
0.2161938195809059
0.2755690596315883
-0.6804136193430825
-0.8314455882068768
-0.36660041224183115
-0.4402029617213541
-0.13873632486741627
-0.4325373096581051
0.9521598791596888
-0.29006916697269225
0.46065948752393937
-0.7414441443603272
0.6089170970053033
-0.4592219979110519
0.5836086798904028
0.5453033583993907
0.283200373569513
-0.6518253299373205
0.7955889384338601
-0.8081642549419275
0.10937141832175135
0.5750734504814967
-0.1521691450893614
0.9925028634104789
-0.5433030095360567
0.3144380457984812
0.7788937756306717
0.8463184507076298
0.2554650831293914
-0.5813901072759589
0.42342412758701875
-0.8472796869418311
0.29502290447355883
0.9888179034574751
0.7120766698452232
0.3727059021451571
-0.28979998189156264
0.9308666870856594
0.18729720987961151
-0.06875525586097098
-0.9798756097038814
0.5038402073463022
0.6495924581153705
-0.7231248348437818
0.7164638775236798
0.8818243618650154
0.5664389432054258
-0.7956032345168131
-0.0585763629443814
0.845343467029301
-0.19102435787144767
0.46085026411346197
-0.5788305434790544
0.7813177214133569
0.15194653257288038
-0.5746458195796031
0.6855401960154537
0.2982772395556792
-0.2075483501796498
-0.3150846787935815
-0.5964963173587778
0.11696191389851007
0.7193015151395128
-0.9635230986693626
-0.4552555893754271
0.5777774835387861
-0.766756174187367
0.7205620081980175
-0.12968834402843
0.8616217885825039
0.720747188877563
0.4933031016616978
0.5841751057450864
0.1321388026622643
0.9042942862209362
-0.8175150924946379
-0.49462618649391366
0.47641547211695934
-0.7035890711757713
0.8424812136868736
-0.5307630827221121
0.0489848383381557
-0.648878038155162
0.24602834282008423
0.7349717887453213
-0.7181685143912497
-0.31065710994036855
0.08648953116448266
-0.5278501826384221
-0.4670537633395586
-0.5328464487412228
-0.14444226577773556
0.8656502457160298
-0.7022977063165727
-0.1825495239715429
-0.4204074120619343
-0.8434854937534395
0.6994740453607653
0.36251799244949545
0.7378371166772268
-0.8041045200093426
0.42294225476303327
0.5398503031142443
0.14366880611002264
0.4005623963587588
0.980415974203882
-0.10788795569442255
-0.36040197932651097
0.05804105287853378
0.2532787678980013
-0.6379213711997562
-0.6015225865420799
-0.34154645437044207
-0.8930961325036435
-0.34552360938836957
-0.18164115949625104
-0.9829798094548028
0.9158380348019972
0.8103852123186817
-0.287098845069798
-0.23140978874638685
-0.49476428311558807
-0.31242296527040336
0.39998943092050676
0.8688764414805288
0.6910916104578448
0.9775657514511313
0.66246353492737
-0.9436735339661804
0.09977552124719336
-0.6174620714450223
-0.32511047668797866
-0.6186673475377744
0.37952854094311705
-0.9452339642211331
0.9962248010033767
-0.738779457430776
0.23874024920214376
0.9252626213395507
-0.9966734704549787
0.2662859744073207
0.22481045724563997
-0.428309048452701
0.14411612527818018
0.35953434529430894
0.9084845153751966
0.5142771206940464
0.8271509847878527
0.2426006419193545
0.49443807921026184
-0.6927215191072873
0.6073501701897268
-0.2141826189344027
0.37000740201975324
0.5118975313093221
-0.8836635230129684
-0.510185694231025
-0.7845233312102302
0.07416426757061934
-0.04783903101504161
0.06357385920208092
-0.7786822099665729
0.6490879637789373
0.7728425346348384
-0.7631668522332906
0.776751215147883
-0.639638354622595
0.9763510399811608
0.7369481433257394
0.4042447650768952
-0.20774357734088933
0.8329656690655576
-0.12268058790374226
-0.37994616360334454
-0.7663385001680849
0.32447722322326134
0.25080925846985735
0.7720099704493677
-0.8455158403295389
-0.16898617906941027
0.5987145394291069
-0.6579564682659129
-0.6954774563356103
-0.6512677326257879
-0.6340225356178815
0.5578631227793476
0.9761007844984415
0.4444436322674503
0.7227112662813433
-0.8659118628138349
0.9212175542784762
0.9875820819579826
0.5819426969591448
0.8267025194092477
0.903614864590947
0.6253226458857317
0.3943110878933267
-0.6736084859082163
-0.175416605283093
0.4466173062804666
-0.9615142113820692
-0.4202816773309819
-0.03098677630229152
-0.9036650725739257
-0.7176518741758366
0.5902814012242323
-0.5475370301083355
-0.4385431792877317
-0.07561240531538305
0.7645330851486849
-0.7675705898789902
-0.7278120738245206
0.4901509477773949
-0.1500503373253197
0.47682836539850726
0.024485554144144217
0.0956615104870302
-0.92753376505796
0.4706274264998753
-0.3568742396835829
-0.14404850706236227
0.06969598797997367
0.09393469363751916
0.8762146372471586
0.32371285084905166
0.48594006077618657
-0.3327864739009021
-0.5625429636355066
0.01296885911291401
-0.4485109947114183
-0.7643350141439067
-0.787883764173974
-0.8259250038601045
0.9725365284825058
0.8331910062958654
0.9847158109568346
-0.5537662255574127
-0.05899430653918847
-0.25652014273529367
-0.12308949075891595
0.15768536168973424
-0.7152912569665926
0.6955673329932881
0.02219825944532272
0.48000610221101137
0.00237091087748742
0.3759210407795881
0.5060934964969264
-0.9143827821538999
-0.7043183550706125
0.8344613930868372
-0.27503281479611386
-0.47838864725022745
-0.20228674324817253
0.9129794784967129
-0.8156012104440749
0.8736445886196882
0.0436666490036679
-0.5169807661806602
0.3183975187894965
-0.15290564278200658
0.368561154324075
-0.08687672354579923
0.5321021402715871
-0.40916389501472916
-0.9270312528445921
-0.31871990856624177
-0.963025041999366
0.47866856130268864
-0.219657491167357
0.4632181332133638
0.345783769476403
0.6122671381537597
0.9386394260237645
-0.6774734643511253
0.2886746652819463
-0.33858871193866236
-0.9967467715167924
-0.42629082318740363
-0.9140408429320959
-0.8192489212770213
0.47453404188806547
-0.13182097786467906
0.3945611441942787
-0.925235369249733
-0.555365803822014
-0.6417555284036971
-0.8438733669893539
0.3056084325505397
0.7656489930768446
-0.5034788045255274
-0.410076770241379
-0.8556760999874686
-0.8950556621363002
-0.13494933748940152
0.6697071113648712
-0.03208338712222614
0.4456394823792236
-0.4358605476321056
0.6466266782842649
-0.5904963943421673
-0.7373428549856125
0.5912817124956515
0.9609402216799905
0.2842207253906046
0.9208219890763798
0.6038947357599587
0.2473914706592919
-0.8695060241215982
0.3117107137023458
0.022427615851516203
-0.5820217637556888
0.2036319505068478
-0.5134044154279258
-0.9692938883338016
-0.40486256481450567
0.3200612672669294
0.0625030125804118
-0.016105531662334416
0.652041345613539
-0.7088442590722377
0.6992064234144122
-0.19756937228424687
0.36435020289489617
0.5278020880445173
0.666558951147123
-0.5768255185493678
0.24308194215812717
-0.6589816406941529
-0.27655802166017507
-0.6360890397819554
-0.27648016932486486
-0.6979034171978862
0.26265712669039076
0.7391584110025808
0.4081771658691802
0.5151630658588746
-0.6887299782806615
0.7365021958793518
0.24597454783499506
-0.5887640409538446
-0.32012965026963025
0.9208889845351982
0.7187024167824452
-0.46547966634866245
0.5652628876371961
0.8779692423141745
-0.49535434120080946
0.36626641885560574
0.9782955254179044
0.6597940750717295
0.8831244201372244
-0.7390380670834036
-0.6071611636880332
0.9353987848468015
-0.6684867485974362
0.05799682800276962
0.9983011168075648
-0.5234867648367245
-0.4548279203006542
0.34220639336216396
-0.2574469418584615
-0.6894535829770687
0.8486506005458021
-0.5868056758471956
-0.3871166198073288
-0.42222059590825944
-0.6790086213733391
0.9373597762848522
0.06772900190509312
-0.9733054117958528
0.18704611838167917
-0.6725491620180519
-0.5092706193102816
-0.005167349207418681
0.5687699691297925
-0.4449035712519993
-0.28448267011288864
0.17006649385026562
-0.6867466095085808
-0.5441286817361257
0.7000129071232026
-0.642387645917998
0.40722319140429697
0.08392889662465097
-0.6669202615231626
-0.0954468602519003
0.9033660986681511
-0.599045446094274
0.8464522986384939
0.18009275690512028
-0.12786576888557288
-0.49789585998820884
0.5816514708390421
0.01788228336293729
0.8387860771717537
-0.4073678845213462
0.8078864406261896
0.7346889446301126
0.40687576725478025
0.496114630008353
0.6854687283752368
-0.6423955497887874
0.39188900172312735
-0.565730775765694
-0.9196084681857915
-0.9024548774321859
-0.09739281354325069
0.5020696606643542
-0.5023205780684472
0.9826551335768743
0.3941872194167544
-0.3215530667942408
-0.20840885173424128
0.9991318309803847
0.5532136382343429
-0.5168554712856472
-0.07091646182981126
0.3934461566382985
-0.46657768912881203
-0.3798667014598107
0.5187406099260015
0.1956121519210814
-0.6761172137579072
0.11337200820605742
0.4476721251565223
-0.3792577075997434
0.5353561608188406
-0.005135861224490723
0.8664935084906584
-0.03546621911757364
0.8949810383597809
-0.8185610206417451
0.26222599626242893
-0.6034899432132206
-0.13742460295422965
0.670992823334079
-0.18945278574129998
-0.8194198461480513
0.46690093755644324
0.771934295750274
-0.7377926276542177
0.9583002366012923
-0.6367854768929677
0.45847582113331153
-0.24508552822762275
0.6992455377098115
0.8558608207244252
0.09921066997007522
-0.6553301885625555
-0.37571332057998075
0.31430506702869043
-0.39774890561384435
0.8598833875282546
0.722198091270023
0.06690632546770425
0.034593847498959995
-0.042980830130123104
0.6532954900639631
-0.30895942100354734
-0.7539792145644091
-0.15942469046456575
0.18111570792829057
-0.8315173365996311
0.704969767564785
-0.12917177879062947
-0.19935071159372364
-0.4977245921580422
-0.6350091021151496
-0.6454684200831211
-0.9107222571590514
0.10027953372657405
0.16984458856500262
-0.2544474239193235
0.7486425431783019
0.2541592391172167
-0.9980734483947507
-0.5753155370059286
-0.9522470583889029
-0.3730108210009879
0.3188211523400526
0.9427791744619392
0.7693289324841364
0.5927986940916261
0.6719908041286673
0.7959391148795549
-0.06281462263236759
-0.16085212164589224
0.8710681982006792
-0.3892336783607444
0.8991794156036015
-0.13258757272012067
0.7723973854308701
-0.504513376774675
0.4427190408702253
0.7614179633403779
-0.24858282540354626
-0.09948700798650467
-0.7752938595338699
-0.10069480702427169
-0.5999849092862619
0.45155851059765406
0.30353486888036785
-0.8798743056703286
-0.002900875237621614
-0.5653003933564191
0.8368495629822643
0.14052996782148242
-0.25682328772944785
-0.13377567912723265
-0.645297509942468
0.2740075604254608
0.24045812621339713
0.36987027558514973
0.8972458925763589
-0.6103574938198699
0.8150206292442848
0.8238272271735481
0.01422272669767155
0.3541238716841171
-0.11490554687607046
0.26594239794331
0.09976251656647195
-0.7641068799566735
-0.04570269913944336
-0.12576754146118763
0.10585600582202126
-0.8660044572491823
0.5275038257531683
0.7339335437822327
-0.6913293614059841
-0.6900829898972276
0.37608985510585713
0.8932024461130832
-0.5936091970426587
0.89845519179984
-0.5475106937362928
0.7055786159942583
-0.8501903966293818
0.5487599801469767
-0.8996685016566042
0.5307479609980461
0.28591901363719696
0.23243624779280747
-0.5772427255551689
0.5079785221080977
-0.6835919606729985
0.4086391946786889
-0.764838999702762
-0.3525619047618527
-0.06397244145885117
-0.9734993722448133
0.3733704607229742
-0.30014029885044624
0.9896198030756593
-0.4353407614269411
0.8244431792039204
-0.9338648553881037
-0.2580069312388342
0.19634418795068798
-0.3159919316061448
-0.381873940014249
0.2828928787555298
0.16862525366079306
0.7282895862234982
0.5404537368994875
0.6863751965608043
-0.1308942866525964
0.22323730802007824
0.7756616655278061
-0.15422266533426354
0.38615960336308186
-0.011290944134918934
-0.47893294129750474
-0.27992782114991654
-0.6264180489193532
0.7292526210074712
0.3148647451117992
0.46287094689619934
0.34713658862785146
0.921459057561737
0.39285510051738814
-0.4625678996894902
-0.7240721933460319
0.5340821108484244
-0.4843460382788132
0.10830536095037524
0.2878770197520568
-0.6878629265786238
-0.0523377168144088
-0.06341571264059698
-0.3564536935551754
-0.5664294547455202
0.2652080030419659
0.5936841932415904
0.0227219933763807
0.20401514776449692
0.8841142674331068
0.6415532921370684
0.6734416431733306
0.47724842593645267
0.9096840588028137
-0.27017107406043794
-0.5682704567793679
-0.11648066284400671
0.377516421397196
0.2236253128509733
-0.7418619500519532
0.5619378056972555
0.567257224467216
0.41450843304728946
0.8405156330822123
-0.2499637411464033
0.939252238682579
-0.9382954998832485
0.8268726549497825
-0.8484217342655274
0.8199731239400947
0.07844475983472843
-0.6448761082976002
0.9878060427431565
0.5153664667394118
-0.27761352890327595
-0.1391854085021922
0.5622294244582897
0.5221301510431109
0.48527576534818695
0.5604585106124684
-0.5956116181972415
0.9071217082686924
0.15804724357999267
0.031267650946448455
0.7098362947934669
0.709061782554038
-0.08999291358349981
-0.40701125754300116
0.02531350534743515
-0.5143456815168386
-0.8270184893028849
0.3543187745333751
0.9841385685182096
-0.17764237548721096
-0.5475106315703147
0.49949614936968456
-0.5258339351870296
0.6100189781533083
0.8055171042293361
-0.7840559952359074
-0.5974929081528795
0.9264413726985454
-0.34994893220515544
-0.04663350875137606
0.656594947916108
0.567655074598812
-0.04649143994074478
0.7862455965316584
0.9071587176875116
-0.10257540998238301
0.7691429927605888
-0.5122573785648383
-0.4324984579515003
-0.45886863950590984
0.03744433722069118
0.13362911133370403
0.5234701456602726
-0.4515319762897443
0.8107362226622004
-0.7898411593694636
-0.2930572637246105
0.6132019642116904
-0.504073701773355
-0.6497745120643874
-0.3240340195098801
0.5614392154439343
-0.15663223201322962
0.16273947177742598
0.8177667580158587
-0.457299087737123
-0.312432515971363
-0.3734205645136106
0.9612245949193889
0.7703229966233154
0.9555055989717094
-0.6452329375568631
-0.4841703105706452
-0.4210792362994482
-0.8110889273808273
-0.9417254266017479
-0.24841891151987738
-0.9688831379172058
0.9200515727859695
-0.20460750762679347
0.8305511536065793
-0.34297574019180677
